20
-842 150 451


Sim
-842 150 451
-842 150 451
-842 150 451


Sim
-842 150 451
-842 150 451
-842 150 451


Sim
-842 150 451
-842 150 451
-842 150 451


Sim
-842 150 451
-842 150 451
-842 150 451


Sim
-842 150 451
-842 150 451
-842 150 451


Sim
-842 150 451
-842 150 451
-842 150 451


Sim
-842 150 451
-842 150 451
-842 150 451


Sim
-842 150 451
-842 150 451
-842 150 451


Sim
-842 150 451
-842 150 451
-842 150 451


Sim
-842 150 451
-842 150 451
31
Volvo
X4
Nao
6
0
32
Audi
CX-9
Nao
2
0
33
Volvo
Avalon
Nao
7
0
34
Honda
X3
Nao
6
0
35
Volkswagen
XC40
Nao
6
0
36
Honda
Cayenne
Nao
7
0
37
Honda
LS
Nao
4
0
38
Honda
Blazer
Nao
2
0
39
Toyota
Model
Nao
7
0
40
Volvo
Venue
Nao
2
0
